name             R.A.(J2000) Dec  nH20  t_exp  cr_VTP  r_VTP  cr_final cr_err   kT     z     fx(-12)  lx(44)  z_ref
RXJ0000.1+0816    0.044     8.277   5.3   436     0.24    6.1     0.29   0.07 	 2.3e  0.0396  	  5.6  	 0.38  	(17)
A7                2.946    32.420   5.3   378     0.47    6.4     0.53   0.10 	 6.2e  0.1073  	 10.3  	 5.01  	(42)
A21               5.133    28.663   4.4   400     0.43    7.6     0.51   0.10 	 5.5e  0.0955  	  9.4  	 3.66  	(42)
IV_Zw_015         5.407    28.064   4.4   407     0.22    5.9     0.26   0.07 	 4.2e  0.0943  	  4.8  	 1.82  	(17)
A68               9.272     9.153   4.6   322     0.25    6.7     0.29   0.08 	10.0e  0.2546  	  5.5  	14.89  	(17)
A75               9.862    21.255   3.4   432     0.29    7.7     0.34   0.08 	 3.2e  0.0619  	  5.8  	 0.95  	(42)
A76              10.002     6.818   3.9   294     0.48    9.6     0.65   0.14 	 1.5   0.0395  	 11.0  	 0.74  	(20)
A77              10.123    29.549   5.1   422     0.35    6.9     0.41   0.09 	 4.0e  0.0712  	  7.9  	 1.71  	(38)
A84              10.444    21.374   3.4   417     0.32    7.1     0.38   0.08 	 5.0e  0.1014  	  6.5  	 2.84  	(20)
Z235             10.967    24.402   4.1   435     0.56    6.3     0.61   0.10 	 5.2e  0.0830  	 10.9  	 3.22  	 (2)
A104             12.452    24.441   4.3   455     0.34    6.6     0.39   0.08 	 4.3e  0.0815  	  7.1  	 2.01  	(18)
A115             13.999    26.378   5.2   313     0.40    7.9     0.46   0.11 	 9.8e  0.1971  	  9.0  	14.59  	(42)
RXJ0058.9+2657   14.731    26.959   5.5   424     0.19    7.0     0.24   0.07 	 2.4e  0.0470  	  4.6  	 0.44  	(12)
IV_Zw_038        16.868    32.462   5.3   471     0.42    9.3     0.53   0.10 	 1.5e  0.0170  	  9.9  	 0.12  	 (3)
A147             17.040     2.182   2.9   435     0.31    7.6     0.39   0.09 	 2.6e  0.0447  	  6.2  	 0.54  	(20)
A160             18.255    15.489   4.1   309     0.21    7.2     0.25   0.08 	 2.3e  0.0442  	  4.5  	 0.38  	(42)
A168             18.787     0.354   3.3   436     0.55   10.5     0.66   0.11 	 2.6   0.0448  	 11.0  	 0.95  	(47)
RXJ0123.2+3327   20.801    33.461   5.0   379     0.32    5.4     0.34   0.08 	 1.2e  0.0146  	  6.0  	 0.05  	(45)
RXJ0123.6+3315   20.921    33.261   5.0   379     0.81    9.7     0.92   0.14 	 1.8e  0.0164  	 17.1  	 0.20  	(45)
A193             21.266     8.688   4.7   264     0.71    8.6     0.83   0.16 	 4.2   0.0491  	 15.4  	 1.59  	(32)
A189             21.353     1.741   3.1   436     0.31    6.7     0.39   0.09 	 1.3e  0.0181  	  6.1  	 0.09  	(42)
A262             28.191    36.157   5.3   346     2.07   11.2     2.53   0.25 	 2.4   0.0163  	 48.6  	 0.55  	(20)
A267             28.203     1.019   2.8   437     0.33    6.5     0.38   0.08 	 9.7e  0.2300  	  6.2  	13.71  	(10)
A272             28.766    33.898   5.2   332     0.44    5.3     0.52   0.11 	 5.2e  0.0872  	 10.1  	 3.27  	(47)
RXJ0228.2+2811   37.069    28.184   7.4   295     0.19    5.2     0.23   0.08 	 2.0e  0.0350  	  4.9  	 0.26  	(46)
A376             41.534    36.887   5.9   570     0.56    8.2     0.68   0.10 	 5.1   0.0488  	 13.6  	 1.38  	 (7)
A400             44.412     6.006   8.9   266     0.58    9.3     0.73   0.15 	 2.1   0.0238  	 16.2  	 0.40  	(47)
A399             44.457    13.053  10.6   413     1.08   11.0     1.23   0.15 	 5.8   0.0722  	 28.8  	 6.40  	(20)
A401             44.737    13.573  10.6   474     1.70   10.6     1.84   0.17 	 7.8   0.0739  	 42.8  	 9.94  	(20)
Z808             45.409     1.927   7.5   239     0.21    4.8     0.24   0.08 	 6.8e  0.1690  	  5.1  	 6.12  	(10)
A407             45.456    35.835   9.8   485     0.19    5.5     0.23   0.06 	 2.5e  0.0464  	  5.4  	 0.50  	(42)
A409             45.849     1.926   7.1   259     0.20    4.6     0.22   0.08 	 6.1e  0.1530  	  4.7  	 4.63  	(10)
2A_0335+096      54.675     9.977  16.4   403     2.79   12.0     2.95   0.24 	 3.0   0.0349  	 80.5  	 4.21  	(27)
RXJ0341.3+1524   55.342    15.405  14.2   376     0.48    7.2     0.60   0.12 	 2.6e  0.0290  	 15.5  	 0.56  	(10)
RXJ0352.9+1941   58.249    19.690  13.4   348     0.28    5.6     0.31   0.08 	 5.7e  0.1090  	  7.9  	 3.98  	(10)
A478             63.359    10.466  13.9   285     1.48    9.7     1.57   0.20 	 6.8   0.0882  	 39.9  	13.19  	(47)
RXJ0419.6+0225   64.911     2.420  10.8   289     1.70   14.5     1.95   0.23 	 2.1e  0.0123  	 45.7  	 0.30  	(45)
RXJ0439.0+0715   69.755     7.260  10.2   377     0.19    4.9     0.23   0.07 	 9.5e  0.2443  	  5.3  	13.25  	(17)
RXJ0439.0+0520   69.766     5.339   9.7   394     0.19    4.5     0.21   0.06 	 7.9e  0.2080  	  4.8  	 8.62  	(10)
A520             73.531     2.920   7.4   412     0.34    5.4     0.40   0.09 	 9.8e  0.2030  	  8.4  	14.44  	(37)
A523             74.797     8.774  12.0   418     0.14    4.9     0.19   0.06 	 4.3e  0.1000  	  4.5  	 1.94  	(19)
RXJ0503.1+0608   75.777     6.135   9.3   422     0.23    5.5     0.30   0.08 	 4.5e  0.0880  	  6.8  	 2.26  	(10)
A566            106.093    63.275   5.6   356     0.49    9.5     0.59   0.11 	 6.1e  0.0980  	 11.6  	 4.73  	(42)
Z1261           109.154    53.388   6.4   353     0.17    5.5     0.22   0.07 	 2.8   0.0644  	  4.5  	 0.81  	(16)
A576            110.382    55.764   5.4   278     0.98   10.3     1.15   0.18 	 3.7   0.0381  	 22.4  	 1.39  	(47)
A586            113.093    31.634   5.4   455     0.42    6.2     0.46   0.09 	 8.7e  0.1710  	  9.1  	11.12  	(37)
UGC_03957       115.239    55.437   4.7   402     0.90    8.7     1.00   0.14 	 3.2e  0.0341  	 18.6  	 0.93  	(28)
RXJ0751.3+5012  117.842    50.211   5.0   456     0.45   10.4     0.55   0.10 	 1.8e  0.0220  	 10.1  	 0.21  	(12)
A602            118.351    29.366   4.3   436     0.32    6.4     0.38   0.08 	 3.4e  0.0621  	  6.9  	 1.14  	(19)
Z1478           119.919    53.999   4.0   445     0.24    6.3     0.29   0.07 	 4.6e  0.1038  	  5.2  	 2.38  	(17)
RXJ0819.6+6336  124.913    63.610   4.1   442     0.22    5.5     0.26   0.07 	 5.0e  0.1190  	  4.7  	 2.83  	(11)
A646            125.547    47.100   4.0   406     0.34    4.7     0.35   0.08 	 6.0e  0.1303  	  6.3  	 4.54  	(37)
Z1665           125.798     4.356   3.1   242     0.45    7.4     0.59   0.15 	 2.2e  0.0293  	  9.6  	 0.36  	(17)
A655            126.361    47.132   4.0   332     0.44    8.1     0.55   0.12 	 7.1e  0.1267  	  9.9  	 6.73  	(42)
A667            127.019    44.764   4.0   431     0.26    4.9     0.29   0.07 	 6.1e  0.1450  	  5.1  	 4.59  	(10)
A671            127.170    30.432   3.8   409     0.39    7.5     0.47   0.10 	 3.1e  0.0503  	  8.2  	 0.90  	(20)
A665            127.739    65.854   4.2   456     0.57    6.3     0.64   0.10 	 8.3   0.1818  	 11.8  	16.33  	(29)
A689            129.356    14.983   3.7   317     0.51    5.3     0.53   0.11 	13.5e  0.2793  	  9.5  	30.41  	(17)
A697            130.741    36.365   3.4   261     0.26    4.3     0.29   0.09 	10.5e  0.2820  	  5.0  	16.30  	(10)
Z1953           132.542    36.086   3.1   362     0.29    8.0     0.35   0.09 	14.5e  0.3737  	  6.1  	34.12  	(17)
Z2089           135.158    20.916   3.3   363     0.24    4.5     0.27   0.07 	 8.8e  0.2347  	  4.7  	10.82  	(17)
A750            137.299    10.989   3.6   379     0.40    6.6     0.47   0.10 	 8.1e  0.1630  	  8.3  	 9.30  	(15)
A763            138.124    15.943   3.5   400     0.39    5.5     0.44   0.09 	 4.6e  0.0851  	  7.6  	 2.34  	(19)
A757            138.357    47.687   1.6   437     0.47    6.9     0.58   0.10 	 3.1e  0.0514  	  7.9  	 0.90  	(22)
A773            139.475    51.716   1.5   502     0.45    6.3     0.48   0.08 	 9.4e  0.2170  	  6.7  	13.08  	(19)
A781            140.120    30.519   1.9   373     0.25    6.6     0.32   0.08 	10.8e  0.2984  	  4.7  	17.22  	(17)
A795            141.024    14.168   3.5   411     0.39    5.6     0.42   0.09 	 6.6e  0.1357  	  7.3  	 5.66  	(37)
Z2701           148.198    51.891   0.9   551     0.41    4.6     0.46   0.08 	 8.7e  0.2140  	  5.6  	10.68  	(10)
Z2844           150.657    32.688   1.6   466     0.32    5.9     0.40   0.08 	 2.6e  0.0500  	  5.3  	 0.57  	(21)
A961            154.085    33.641   1.5   472     0.29    5.5     0.35   0.08 	 5.2e  0.1241  	  4.8  	 3.14  	(43)
A963            154.255    39.029   1.4   490     0.37    4.7     0.43   0.08 	 8.6e  0.2060  	  5.9  	10.41  	(42)
A980            155.617    50.121   1.0   551     0.50    5.5     0.55   0.09 	 7.4e  0.1582  	  7.0  	 7.35  	(25)
A990            155.912    49.145   1.0   542     0.63    6.0     0.70   0.10 	 7.5e  0.1440  	  8.8  	 7.73  	(10)
Z3146           155.915     4.190   2.7   445     0.46    4.4     0.47   0.08 	12.8e  0.2906  	  7.7  	26.47  	 (2)
Z3179           156.484    12.691   3.6   468     0.28    4.6     0.31   0.07 	 6.2e  0.1434  	  5.5  	 4.78  	 (2)
A1033           157.932    35.058   1.6   473     0.50    5.2     0.55   0.09 	 6.3e  0.1259  	  7.6  	 5.13  	 (2)
A1068           160.187    39.951   1.5   406     0.63    5.0     0.69   0.11 	 7.5e  0.1386  	  9.4  	 7.65  	 (2)
RXJ1053.7+5450  163.449    54.850   0.8   603     0.35    5.8     0.43   0.08 	 3.3e  0.0704  	  4.9  	 1.04  	(17)
A1132           164.616    56.782   0.6   602     0.69    6.9     0.77   0.10 	 7.1e  0.1363  	  8.8  	 6.89  	(37)
A1177           167.363    21.728   1.2   327     0.33    7.0     0.42   0.10 	 1.9e  0.0319  	  5.0  	 0.22  	(19)
A1185           167.695    28.706   1.7   263     0.35    7.0     0.46   0.12 	 3.9   0.0314  	  6.4  	 0.27  	(20)
A1190           167.869    40.830   1.6   361     0.32    6.1     0.40   0.09 	 3.8e  0.0794  	  5.4  	 1.47  	(38)
A1201           168.225    13.450   1.7   424     0.32    4.9     0.36   0.08 	 6.9e  0.1688  	  5.2  	 6.28  	(22)
A1204           168.337    17.596   1.4   351     0.39    4.2     0.43   0.09 	 7.3e  0.1706  	  5.9  	 7.26  	 (2)
A1235           170.804    19.616   1.6   434     0.32    5.8     0.38   0.08 	 4.7e  0.1042  	  5.2  	 2.42  	(42)
A1246           170.977    21.488   1.4   434     0.33    5.1     0.37   0.08 	 7.5e  0.1904  	  5.0  	 7.62  	 (2)
A1302           173.307    66.399   1.1   679     0.38    5.1     0.42   0.07 	 5.1e  0.1160  	  5.3  	 3.05  	(19)
A1314           173.748    49.090   1.6   428     0.29    6.1     0.40   0.09 	 5.0   0.0338  	  5.6  	 0.27  	(47)
A1361           175.917    46.374   2.0   353     0.37    4.5     0.41   0.09 	 5.5e  0.1167  	  6.2  	 3.59  	 (2)
A1367           176.152    19.759   2.3   454     4.63   11.4     5.36   0.32 	 3.5   0.0214  	 81.4  	 1.60  	(47)
A1366           176.202    67.413   1.4   714     0.44    5.5     0.50   0.07 	 5.6e  0.1159  	  6.8  	 3.87  	(19)
A1413           178.826    23.408   2.0   468     0.92    7.8     1.03   0.13 	 8.9   0.1427  	 15.5  	13.28  	(42)
A1423           179.342    33.632   1.6   488     0.31    5.2     0.37   0.08 	 8.5e  0.2130  	  5.3  	10.03  	(10)
A1437           180.104     3.349   1.8   406     0.58    6.8     0.68   0.12 	 7.4e  0.1339  	 10.0  	 7.55  	(22)
Z4803           181.114     1.903   1.9   397     1.10    9.1     1.29   0.16 	 1.7   0.0200  	 17.7  	 0.30  	 (4)
RXJ1205.1+3920  181.299    39.342   2.0   432     0.42    4.9     0.46   0.09 	 2.3e  0.0370  	  6.5  	 0.38  	(10)
MKW_4s          181.647    28.180   1.7   488     0.35    6.2     0.46   0.09 	 1.8e  0.0283  	  6.0  	 0.21  	 (4)
Z4905           182.571     5.392   1.5   437     0.29    4.8     0.35   0.08 	 3.5e  0.0770  	  4.7  	 1.20  	(11)
Z5029           184.422     3.659   1.7   404     1.39    8.1     1.54   0.17 	 6.3e  0.0750  	 22.0  	 5.28  	(14)
RXJ1223.0+1037  185.774    10.620   2.0   444     0.48    4.6     0.49   0.09 	 1.8e  0.0257  	  6.8  	 0.19  	 (5)
Virgo           187.697    12.337   2.4   443    40.76    7.5   121.00   2.58 	 2.4   0.0036  1821.1  	 1.00  	(36)
A1553           187.700    10.556   2.1   445     0.37    4.7     0.42   0.08 	 7.4e  0.1652  	  6.3  	 7.30  	(37)
Z5247           188.572     9.770   1.7   440     0.26    4.8     0.32   0.08 	 8.5e  0.2290  	  4.6  	10.12  	 (1)
A1589           190.325    18.551   1.9   462     0.62    7.4     0.74   0.11 	 4.6e  0.0718  	 10.8  	 2.39  	(15)
A1656           194.883    27.903   0.9   506    23.50   16.4    25.87   0.67 	 8.0   0.0231  	319.2  	 7.26  	(20)
A1668           195.937    19.277   2.2   601     0.53    6.4     0.62   0.09 	 3.9e  0.0634  	  9.3  	 1.61  	(31)
A1677           196.471    30.886   1.1   525     0.31    5.0     0.35   0.07 	 6.9e  0.1832  	  4.4  	 6.24  	(37)
A1682           196.739    46.545   1.1   545     0.34    5.3     0.41   0.08 	 8.9e  0.2260  	  5.3  	11.26  	 (2)
RXJ1320.1+3308  200.035    33.143   1.0   548     0.34    5.8     0.40   0.08 	 2.0e  0.0362  	  4.6  	 0.26  	(34)
RXJ1326.3+0013  201.575     0.226   1.8   305     0.35    4.8     0.41   0.10 	 4.0e  0.0820  	  5.9  	 1.69  	(11)
A1758b          203.126    50.409   1.1   590     0.15    3.8     0.17   0.05 	 7.5e  0.2800  	  2.2  	 7.25  	(37)
A1758a          203.189    50.548   1.1   591     0.25    4.5     0.28   0.06 	 9.1e  0.2800  	  3.6  	11.68  	(37)
A1763           203.818    40.996   0.9   628     0.49    5.1     0.56   0.08 	10.0e  0.2279  	  6.9  	14.93  	(22)
A1767           204.032    59.211   1.6   748     0.74    7.1     0.86   0.10 	 4.1   0.0701  	 11.7  	 2.47  	(47)
A1775           205.460    26.382   1.0   383     0.92    7.0     1.05   0.15 	 4.9   0.0724  	 13.0  	 2.91  	(20)
A1773           205.528     2.233   1.8   267     0.32    4.7     0.42   0.11 	 3.9e  0.0776  	  5.9  	 1.53  	(20)
A1795           207.218    26.598   1.2   429     5.05   10.5     5.34   0.31 	 5.1   0.0622  	 68.1  	11.27  	(20)
A1800           207.365    28.106   1.2   441     0.84    8.2     1.00   0.14 	 5.1e  0.0748  	 12.8  	 3.05  	(20)
A1809           208.275     5.158   2.0   407     0.35    5.8     0.41   0.09 	 3.9e  0.0790  	  6.0  	 1.61  	(20)
A1831           209.802    27.978   1.3   473     0.78    7.1     0.91   0.12 	 4.2e  0.0612  	 11.9  	 1.90  	(20)
A1835           210.260     2.882   2.2   407     0.87    6.7     0.95   0.13 	14.8e  0.2528  	 14.7  	38.53  	 (2)
A1885           213.432    43.661   1.2   752     0.51    5.4     0.56   0.07 	 4.6e  0.0890  	  7.1  	 2.40  	(10)
Z6718           215.401    49.544   1.8   784     0.37    4.5     0.41   0.06 	 3.6e  0.0710  	  5.7  	 1.24  	 (2)
A1902           215.428    37.299   1.0   622     0.38    4.4     0.41   0.07 	 6.6e  0.1600  	  5.1  	 5.56  	(10)
A1918           216.342    63.183   1.7   887     0.32    4.4     0.35   0.05 	 5.8e  0.1394  	  5.0  	 4.13  	(38)
A1914           216.509    37.835   1.0   656     1.11    6.1     1.19   0.12 	10.8e  0.1712  	 15.0  	18.39  	(22)
A1927           217.765    25.628   2.0   556     0.36    5.6     0.41   0.08 	 4.4e  0.0908  	  6.1  	 2.14  	(19)
A1930           218.120    31.633   1.1   484     0.38    6.1     0.44   0.08 	 5.8e  0.1313  	  5.6  	 4.09  	(37)
MKW_8           220.156     3.467   2.7   335     0.92   10.4     1.16   0.17 	 2.7e  0.0276  	 18.4  	 0.60  	 (4)
RXJ1442.2+2218  220.573    22.301   2.6   536     0.36    4.2     0.42   0.08 	 4.8e  0.0970  	  6.6  	 2.66  	(11)
A1978           222.775    14.611   1.8   386     0.29    3.8     0.34   0.08 	 6.0e  0.1460  	  5.0  	 4.50  	(11)
A1983           223.248    16.709   2.0   396     0.32    4.7     0.38   0.09 	 2.5e  0.0444  	  5.5  	 0.47  	(20)
A1991           223.629    18.650   2.4   405     0.56    5.5     0.60   0.10 	 5.4   0.0586  	  9.4  	 1.38  	(19)
Z7160           224.310    22.344   3.1   426     0.27    4.0     0.28   0.07 	 9.6e  0.2578  	  4.8  	13.19  	 (2)
A2009           225.085    21.362   3.2   378     0.49    5.0     0.54   0.10 	 7.8   0.1530  	  9.2  	 9.12  	 (9)
A2034           227.545    33.506   1.5   610     0.83    7.1     0.92   0.11 	 7.1e  0.1130  	 12.7  	 6.85  	(10)
A2029           227.729     5.720   3.0   443     3.37    9.2     3.67   0.26 	 7.8   0.0766  	 61.3  	15.29  	(47)
A2033           227.848     6.319   2.8   437     0.47    5.3     0.56   0.10 	 4.7e  0.0817  	  9.0  	 2.57  	(19)
A2050           229.068     0.089   4.3   265     0.32    5.3     0.38   0.10 	 5.8e  0.1183  	  7.0  	 4.15  	(37)
A2052           229.176     7.002   2.8   449     2.60    8.3     2.92   0.23 	 3.4   0.0353  	 47.1  	 2.52  	(33)
A2055           229.672     6.211   3.1   433     0.57    4.7     0.65   0.11 	 6.1e  0.1021  	 10.9  	 4.82  	(31)
A2064           230.221    48.672   1.8   797     0.44    4.9     0.47   0.07 	 5.3e  0.1076  	  6.8  	 3.33  	(42)
A2061           230.321    30.640   1.9   395     0.88    9.7     1.04   0.15 	 5.6e  0.0777  	 15.3  	 3.95  	(20)
MKW_3s          230.507     7.699   3.1   352     1.65    6.3     1.84   0.20 	 3.0   0.0453  	 30.3  	 2.68  	 (4)
A2065           230.612    27.711   2.8   382     1.17    8.7     1.35   0.17 	 8.4   0.0723  	 22.2  	 4.94  	(20)
A2063           230.757     8.580   2.9   412     1.99    8.6     2.30   0.21 	 4.1   0.0355  	 37.5  	 2.03  	(20)
A2069           231.041    29.921   2.1   391     0.90    9.8     1.06   0.15 	 7.9e  0.1145  	 16.1  	 8.92  	(19)
A2072           231.477    18.236   3.7   349     0.23    3.8     0.26   0.07 	 5.2e  0.1270  	  4.6  	 3.13  	(11)
RXJ1532.9+3021  233.226    30.353   2.1   324     0.29    3.9     0.33   0.09 	12.5e  0.3450  	  5.0  	24.40  	(11)
A2107           234.910    21.789   4.4   405     0.69    7.2     0.83   0.13 	 4.2   0.0411  	 15.2  	 1.10  	(30)
A2111           234.924    34.417   2.0   384     0.27    4.9     0.33   0.08 	 8.8e  0.2290  	  5.0  	10.94  	(42)
A2110           234.952    30.716   2.3   240     0.53    5.7     0.62   0.14 	 5.6e  0.0980  	  9.6  	 3.93  	(35)
A2108           235.038    17.878   3.3   253     0.25    4.6     0.32   0.10 	 4.3e  0.0916  	  5.5  	 1.97  	(37)
A2124           236.250    36.066   1.7   277     0.43    6.1     0.53   0.12 	 3.7e  0.0654  	  7.3  	 1.35  	(20)
A2142           239.592    27.233   3.8   555     3.23   11.9     3.44   0.22 	11.0   0.0894  	 61.5  	20.74  	(42)
A2147           240.578    16.020   3.2   568     2.58   14.3     3.15   0.22 	 4.4   0.0353  	 53.2  	 2.84  	(42)
A2151a          241.179    17.726   3.3   580     0.76    7.7     0.88   0.11 	 3.5   0.0370  	 15.0  	 0.88  	(20)
AWM_4           241.238    23.946   4.8   620     0.47    6.3     0.55   0.08 	 3.7   0.0318  	 10.2  	 0.44  	 (4)
A2151b          241.718    17.781   3.5   581     0.08    3.4     0.10   0.04 	 1.3e  0.0321  	  1.6  	 0.07  	(20)
A2175           245.128    29.892   2.6   692     0.40    6.1     0.46   0.07 	 5.0e  0.0972  	  7.3  	 2.93  	(20)
A2199           247.165    39.550   0.9   823     7.48   14.3     8.07   0.29 	 4.7   0.0299  	 96.8  	 3.70  	(20)
A2204           248.195     5.574   5.3   541     1.06    5.4     1.12   0.12 	11.4e  0.1524  	 21.9  	21.25  	(37)
A2218           248.970    66.214   3.4  1937     0.39    5.0     0.44   0.04 	 6.7   0.1710  	  7.5  	 9.30  	(37)
A2219           250.094    46.706   1.7   930     0.60    5.1     0.65   0.07 	11.4e  0.2281  	  9.5  	20.40  	 (2)
RXJ1651.1+0459  252.798     4.996   6.0   516     0.25    3.7     0.28   0.06 	 6.6e  0.1540  	  5.6  	 5.62  	(40)
AWM_5           254.464    27.860   4.6   807     0.20    5.7     0.24   0.05 	 2.6   0.0347  	  4.5  	 0.23  	 (4)
A2241           254.934    32.617   2.2   749     0.27    4.9     0.29   0.05 	 4.3e  0.1013  	  4.4  	 1.94  	(15)
A2244           255.667    34.063   2.1   768     1.41    8.9     1.54   0.13 	 7.1   0.0970  	 23.4  	 9.34  	(38)
A2256           256.010    78.632   4.1  1455     2.50   13.0     2.72   0.12 	 7.5   0.0581  	 49.5  	 7.11  	(47)
A2249           257.452    34.474   2.4   772     0.77    8.8     0.92   0.10 	 5.6e  0.0802  	 14.4  	 3.95  	(42)
A2255           258.182    64.062   2.6  3527     0.98    9.3     1.10   0.05 	 7.3   0.0809  	 17.8  	 4.94  	(47)
RXJ1715.3+5725  258.826    57.427   2.6  1647     0.72    8.1     0.82   0.06 	 2.4e  0.0280  	 12.7  	 0.43  	(14)
A2254           259.441    19.673   5.3   622     0.25    5.2     0.30   0.06 	 7.5e  0.1780  	  5.8  	 7.73  	(10)
Z8197           259.548    56.671   2.6  1467     0.31    4.8     0.33   0.04 	 5.0e  0.1135  	  5.3  	 2.89  	(11)
RXJ1720.1+2638  260.037    26.635   3.9   707     0.75    5.8     0.80   0.09 	10.2e  0.1640  	 14.3  	16.12  	(14)
A2259           260.040    27.669   3.8   716     0.30    4.7     0.33   0.06 	 7.1e  0.1640  	  5.9  	 6.66  	(10)
A2261           260.615    32.127   3.2   768     0.46    5.7     0.51   0.07 	10.8e  0.2240  	  8.7  	18.18  	(10)
A2294           260.980    85.890   6.1  1078     0.21    4.6     0.25   0.04 	 7.1e  0.1780  	  5.0  	 6.62  	(10)
RXJ1733.0+4345  263.255    43.758   2.4  1110     0.67    6.2     0.76   0.07 	 2.6e  0.0330  	 11.6  	 0.54  	(11)
RXJ1740.5+3539  265.133    35.652   2.8   897     0.34    5.0     0.40   0.06 	 2.5e  0.0430  	  6.3  	 0.50  	(11)
Z8276           266.056    32.982   3.4   827     0.86    7.1     0.96   0.10 	 5.7e  0.0757  	 16.4  	 4.02  	(44)
RXJ1750.2+3505  267.567    35.083   3.0   869     0.24    4.1     0.26   0.05 	 6.6e  0.1710  	  4.4  	 5.49  	(11)
Z8338           272.710    49.920   4.1  1566     0.40    6.4     0.46   0.05 	 3.0e  0.0473  	  8.2  	 0.79  	(23)
A2312           283.451    68.385   5.7  2973     0.23    5.0     0.26   0.03 	 4.2e  0.0928  	  5.1  	 1.89  	(19)
A2318           286.433    78.083   4.8  1372     0.27    4.3     0.28   0.04 	 6.0e  0.1405  	  5.3  	 4.40  	 (2)
II_Zw_108       318.526     2.569   6.2   462     0.92   12.0     1.09   0.14 	 4.4e  0.0483  	 21.9  	 2.19  	(19)
RXJ2129.6+0005  322.408     0.094   4.3   287     0.39    5.4     0.44   0.11 	11.0e  0.2350  	  8.1  	18.59  	(11)
A2390           328.403    17.692   6.6   267     0.41    5.4     0.47   0.11 	11.6e  0.2329  	  9.6  	21.44  	(26)
A2409           330.227    20.959   6.4   312     0.38    6.5     0.43   0.10 	 7.6e  0.1470  	  8.8  	 8.06  	 (2)
RXJ2214.7+1350  333.699    13.834   4.9   280     0.22    7.3     0.28   0.09 	 1.6e  0.0263  	  5.1  	 0.15  	(24)
A2443           336.511    17.378   4.9   476     0.32    7.1     0.35   0.07 	 5.2e  0.1072  	  6.6  	 3.23  	(37)
A2457           338.918     1.526   5.4   165     0.39    6.3     0.50   0.16 	 3.8e  0.0591  	  9.6  	 1.44  	(18)
A2495           342.571    10.917   4.9   407     0.56    8.4     0.62   0.11 	 5.0e  0.0768  	 11.8  	 2.98  	(19)
Z8852           347.629     7.583   5.1   446     0.60   12.1     0.72   0.11 	 3.2e  0.0400  	 13.8  	 0.94  	 (8)
A2572a          349.294    18.691   4.7   465     0.61    9.4     0.72   0.11 	 2.5   0.0422  	 13.4  	 1.03  	(13)
A2572b          349.612    18.724   4.7   466     0.45    8.2     0.54   0.10 	 2.8e  0.0389  	 10.0  	 0.65  	(13)
A2589           350.973    16.809   3.9   459     1.23    9.8     1.43   0.16 	 3.7   0.0416  	 25.3  	 1.88  	(47)
A2593           351.084    14.651   4.1   448     0.70   10.0     0.83   0.12 	 3.1   0.0428  	 14.8  	 1.17  	 (6)
A2622           353.771    27.370   5.3   503     0.30    8.3     0.35   0.07 	 3.4e  0.0613  	  6.7  	 1.09  	(38)
A2626           354.142    21.128   4.1   489     0.69    9.6     0.80   0.11 	 2.9   0.0565  	 14.3  	 1.96  	(15)
A2627           354.174    23.930   4.1   471     0.25    4.1     0.28   0.07 	 5.3e  0.1245  	  5.0  	 3.33  	(10)
A2634           354.615    27.022   4.9   613     1.03   15.3     1.22   0.13 	 3.4   0.0309  	 23.1  	 0.95  	(47)
A2657           356.237     9.201   5.6   441     1.06   10.5     1.20   0.15 	 3.4   0.0400  	 23.4  	 1.61  	(47)
Z9077           357.644    29.531   5.3   251     0.23    5.2     0.28   0.09 	 4.4e  0.0950  	  5.5  	 2.11  	(41)
A2665           357.713     6.138   5.5   437     0.63    8.7     0.72   0.11 	 4.2e  0.0562  	 14.1  	 1.90  	(39)
A2675           358.962    11.355   4.8   439     0.36    9.0     0.46   0.09 	 4.2e  0.0720  	  8.6  	 1.90  	(18)
