name             R.A.(J2000) Dec  nH20  t_exp  cr_VTP  r_VTP  cr_final cr_err   kT     z     fx(-12)  lx(44)  z_ref
A2700             0.954     2.068   3.0   412     0.20    4.1     0.23   0.06 	 3.9   0.0994  	  3.7  	 1.59  	(27)
RXJ0004.9+1142    1.233    11.701   5.3   441     0.16    4.6     0.18   0.05 	 3.1   0.0761  	  3.5  	 0.87  	(28)
Z15               1.572    10.868   5.3   440     0.15    5.7     0.18   0.06 	 5.9   0.1675  	  3.5  	 4.17  	 (7)
Z28               2.237    41.177   7.3   401     0.16    4.4     0.18   0.06 	 5.6   0.1537  	  3.8  	 3.79  	 (7)
A16               4.199     6.749   4.5   512     0.14    5.6     0.17   0.05 	 3.2   0.0838  	  3.0  	 0.92  	(21)
RXJ0027.6+2616    6.924    26.272   3.8   388     0.14    4.5     0.19   0.06 	11.1   0.3649  	  3.3  	17.97  	 (7)
Z193              9.149    25.744   4.0   404     0.15    5.0     0.17   0.06 	 1.6   0.0341  	  3.0  	 0.15  	 (7)
Z348             16.702     1.045   3.0   434     0.21    4.1     0.22   0.06 	 8.4   0.2545  	  3.6  	 9.80  	 (7)
A156             17.925    33.453   5.1   472     0.16    5.7     0.19   0.06 	 4.5   0.1173  	  3.7  	 2.17  	 (7)
RXJ0142.0+2131   25.511    21.522   6.4   406     0.13    4.1     0.15   0.05 	 8.5   0.2803  	  3.0  	 9.90  	 (7)
A260             27.687    33.090   4.7   344     0.15    3.7     0.19   0.07 	 1.8   0.0363  	  3.5  	 0.20  	(26)
A278             29.357    32.224   5.1   321     0.14    3.5     0.18   0.07 	 3.5   0.0894  	  3.4  	 1.18  	(18)
A311             32.385    19.764   8.1   280     0.15    4.3     0.20   0.08 	 3.0   0.0657  	  4.4  	 0.81  	(29)
RXJ0437.1+0043   69.285     0.728   7.7   564     0.15    3.4     0.17   0.05 	 9.3   0.2850  	  3.6  	12.25  	 (7)
RXJ0448.2+0953   72.054     9.890  12.2   408     0.14    4.6     0.17   0.06 	 5.9   0.1540  	  4.2  	 4.21  	 (7)
A554             94.657    67.410   7.1   379     0.11    4.0     0.14   0.05 	 3.9   0.1123  	  2.9  	 1.55  	 (7)
A565            107.021    71.864   4.5   453     0.12    4.4     0.16   0.05 	 3.7   0.1053  	  2.9  	 1.37  	(29)
A572            108.580    54.685   5.9   393     0.11    4.1     0.15   0.06 	 3.7   0.1043  	  3.0  	 1.39  	 (7)
A580            111.518    41.389   6.6   462     0.14    5.1     0.18   0.06 	 4.3   0.1118  	  3.6  	 1.95  	 (7)
Z1370           115.438    74.243   3.5   456     0.22    3.7     0.23   0.06 	 7.7   0.2160  	  4.0  	 7.90  	(22)
Z1432           117.850    17.513   4.4   338     0.17    2.7     0.19   0.06 	 6.5   0.1894  	  3.5  	 5.27  	 (7)
A611            120.233    36.061   4.8   445     0.18    5.1     0.21   0.06 	 9.7   0.2880  	  4.0  	13.60  	 (5)
A621            122.809    70.031   3.4   474     0.19    4.4     0.22   0.06 	 7.6   0.2230  	  3.7  	 7.79  	 (5)
RXJ0820.9+0751  125.248     7.854   2.5   332     0.23    4.3     0.26   0.08 	 4.4   0.1100  	  4.0  	 2.09  	 (5)
Z1693           126.497     4.263   2.9   314     0.18    4.1     0.21   0.07 	 7.5   0.2248  	  3.5  	 7.46  	 (7)
Z1883           130.747    29.476   3.9   309     0.21    5.2     0.22   0.07 	 7.0   0.1940  	  4.0  	 6.41  	(22)
A743            136.614    10.345   3.7   360     0.17    4.9     0.20   0.07 	 4.9   0.1328  	  3.6  	 2.71  	 (7)
A744            136.857    16.654   3.5   372     0.16    4.9     0.20   0.06 	 3.0   0.0733  	  3.3  	 0.77  	(22)
A779            139.922    33.763   1.7   449     0.22    5.0     0.29   0.07 	 1.4   0.0230  	  3.8  	 0.09  	(12)
Z2379           141.795    53.450   1.7   518     0.20    3.9     0.22   0.06 	 6.7   0.2052  	  3.2  	 5.71  	 (7)
A854            145.517     8.973   3.0   290     0.20    4.4     0.23   0.08 	 7.3   0.2075  	  3.8  	 6.94  	 (6)
A853            145.565    15.382   3.4   439     0.18    4.9     0.20   0.06 	 5.8   0.1649  	  3.5  	 4.05  	 (7)
Z2661           147.498    17.141   3.1   427     0.23    5.0     0.26   0.07 	12.9   0.3825  	  4.3  	25.75  	(12)
RXJ1000.5+4409  150.130    44.154   1.0   510     0.24    3.6     0.25   0.06 	 5.2   0.1530  	  3.1  	 3.08  	 (5)
A910            150.773    67.156   3.5   499     0.14    4.3     0.18   0.05 	 6.6   0.2055  	  3.1  	 5.52  	(23)
A923            151.666    25.924   2.7   348     0.20    3.9     0.22   0.07 	 4.4   0.1162  	  3.6  	 2.07  	(18)
A964            154.151    24.806   2.3   453     0.16    4.0     0.19   0.06 	 3.0   0.0811  	  2.8  	 0.81  	(10)
A971            154.980    40.996   1.3   500     0.25    5.3     0.31   0.07 	 3.8   0.0926  	  3.9  	 1.44  	 (5)
RXJ1022.1+3830  155.539    38.502   1.4   491     0.17    4.4     0.22   0.06 	 2.2   0.0534  	  2.8  	 0.35  	(12)
A1035           158.059    40.247   1.3   483     0.25    5.2     0.31   0.07 	 3.2   0.0733  	  4.0  	 0.92  	(23)
A1045           158.743    30.695   1.9   468     0.25    3.4     0.29   0.07 	 5.4   0.1381  	  4.3  	 3.47  	 (1)
A1126           163.453    16.842   2.2   305     0.23    3.2     0.24   0.07 	 3.5   0.0856  	  3.7  	 1.15  	(23)
A1139           164.612     1.594   3.9   435     0.20    5.6     0.24   0.07 	 2.1   0.0397  	  4.2  	 0.29  	(10)
A1173           167.325    41.569   1.6   429     0.25    4.6     0.28   0.07 	 3.3   0.0770  	  3.8  	 0.98  	(12)
Z3916           168.596    58.387   0.7   586     0.29    4.5     0.31   0.06 	 7.0   0.2060  	  3.6  	 6.41  	 (5)
Z3959           168.972     1.510   4.2   442     0.13    3.1     0.16   0.05 	10.2   0.3518  	  2.9  	14.87  	 (7)
A1264           171.753    17.126   2.0   443     0.19    3.8     0.21   0.06 	 4.4   0.1267  	  3.1  	 2.11  	(20)
A1291           173.088    55.979   0.9   403     0.28    5.0     0.32   0.08 	 2.4   0.0527  	  3.7  	 0.44  	(23)
A1412           178.995    73.410   2.3   760     0.19    4.4     0.23   0.05 	 3.3   0.0833  	  3.5  	 1.03  	 (9)
Z4673           179.218    24.248   1.8   471     0.23    4.9     0.26   0.06 	 5.2   0.1419  	  3.7  	 3.20  	 (1)
A1443           180.321    23.105   2.1   463     0.19    3.7     0.21   0.06 	 8.5   0.2700  	  3.3  	 9.87  	 (7)
A1446           180.516    58.041   1.4   488     0.18    4.3     0.22   0.06 	 3.7   0.1031  	  2.9  	 1.30  	(11)
A1576           189.237    63.188   1.7   540     0.18    4.2     0.20   0.05 	 8.9   0.3020  	  2.9  	10.96  	 (8)
A1602           190.868    27.286   1.2   482     0.20    4.1     0.23   0.06 	 6.3   0.1997  	  2.9  	 4.96  	 (7)
A1672           196.085    33.601   1.0   523     0.23    4.1     0.26   0.06 	 6.3   0.1882  	  3.3  	 4.90  	 (1)
Z5699           196.507    26.505   0.9   502     0.24    4.5     0.28   0.07 	 9.8   0.3063  	  3.5  	13.59  	 (7)
A1691           197.771    39.222   1.2   585     0.27    4.8     0.32   0.06 	 3.1   0.0720  	  4.0  	 0.89  	 (9)
Z5768           197.884    22.009   1.8   723     0.22    5.4     0.27   0.06 	 9.1   0.2660  	  4.0  	11.64  	 (7)
A1704           198.591    64.575   1.8   607     0.24    4.0     0.26   0.06 	 7.7   0.2200  	  3.9  	 7.83  	 (8)
A1722           199.997    70.073   1.5   736     0.23    4.7     0.26   0.05 	10.5   0.3275  	  3.7  	16.14  	 (8)
A1728           200.876    11.296   1.8   311     0.22    3.7     0.25   0.08 	 3.6   0.0911  	  3.6  	 1.29  	 (7)
A1744           201.453    59.330   1.6   741     0.21    4.4     0.24   0.05 	 5.3   0.1515  	  3.3  	 3.24  	(11)
A1758a          203.189    50.548   1.1   591     0.25    4.5     0.28   0.06 	 9.1   0.2792  	  3.6  	11.61  	 (1)
A1814           208.499    14.924   1.7   398     0.23    4.8     0.30   0.08 	 5.0   0.1251  	  4.2  	 2.82  	(24)
A1895           213.551    71.260   2.0   857     0.17    4.2     0.21   0.04 	 7.2   0.2250  	  3.1  	 6.65  	 (8)
RXJ1423.1+2616  215.799    26.276   1.6   392     0.21    4.8     0.25   0.07 	 1.8   0.0375  	  3.2  	 0.19  	 (3)
RXJ1423.9+4015  215.976    40.261   0.9   604     0.24    3.8     0.28   0.06 	 3.2   0.0822  	  3.2  	 0.94  	(12)
A1925           217.135    56.879   1.4   725     0.19    4.4     0.24   0.05 	 3.9   0.1074  	  3.2  	 1.56  	 (7)
A1961           221.094    31.235   1.3   614     0.17    4.2     0.22   0.05 	 7.1   0.2340  	  2.9  	 6.60  	 (6)
A1986           223.292    21.897   2.8   415     0.15    4.1     0.18   0.06 	 4.1   0.1186  	  2.9  	 1.76  	 (4)
Z7215           225.334    42.344   1.5   575     0.20    4.3     0.23   0.06 	 9.0   0.2897  	  3.2  	11.26  	 (7)
A2036           227.778    18.049   2.8   379     0.15    3.7     0.19   0.06 	 4.1   0.1161  	  3.0  	 1.72  	(20)
A2067           230.783    30.845   1.9   399     0.20    5.2     0.24   0.07 	 3.1   0.0756  	  3.5  	 0.86  	(29)
A2073           231.436    28.428   2.6   381     0.19    4.7     0.24   0.07 	 5.6   0.1515  	  3.8  	 3.74  	(19)
A2146           239.040    66.355   2.8  1318     0.23    3.8     0.24   0.04 	 8.1   0.2343  	  3.9  	 8.97  	 (1)
A2141           239.436    35.497   1.9   349     0.21    4.4     0.25   0.07 	 5.7   0.1579  	  3.7  	 3.89  	(15)
A2149           240.399    53.918   1.2  1122     0.28    5.1     0.34   0.05 	 3.0   0.0675  	  4.2  	 0.83  	 (2)
A2148           240.759    25.404   4.5   654     0.19    5.1     0.22   0.05 	 3.7   0.0888  	  4.1  	 1.39  	(16)
A2152           241.384    16.442   3.4   569     0.15    4.0     0.17   0.05 	 1.7   0.0370  	  2.9  	 0.17  	(23)
A2169           243.540    49.153   1.5   542     0.19    5.3     0.24   0.06 	 2.4   0.0579  	  3.1  	 0.45  	(29)
A2187           246.053    41.242   0.9   906     0.26    4.4     0.30   0.05 	 6.5   0.1825  	  3.7  	 5.26  	(23)
A2201           246.748    55.477   1.8   874     0.20    4.1     0.23   0.04 	 4.7   0.1300  	  3.3  	 2.40  	 (5)
A2208           247.424    58.531   1.8  1386     0.20    3.7     0.23   0.04 	 4.7   0.1329  	  3.3  	 2.49  	 (5)
RXJ1652.6+4011  253.166    40.193   1.7   596     0.18    3.8     0.22   0.05 	 5.0   0.1481  	  3.1  	 2.85  	 (7)
A2245           255.633    33.513   2.2   767     0.17    4.8     0.20   0.04 	 3.2   0.0843  	  3.0  	 0.92  	(17)
RXJ1714.3+4340  258.590    43.677   2.1  1067     0.22    5.1     0.27   0.05 	 1.5   0.0276  	  3.8  	 0.13  	(14)
RXJ1715.2+0309  258.801     3.161   6.3   508     0.18    2.6     0.20   0.05 	 5.1   0.1317  	  4.0  	 2.96  	(12)
Z8182           259.043    20.357   5.2   630     0.16    4.6     0.19   0.05 	 4.8   0.1306  	  3.6  	 2.63  	 (7)
Z8193           259.329    42.444   2.2   939     0.19    3.2     0.20   0.04 	 5.7   0.1754  	  3.0  	 3.96  	 (1)
A2271           259.621    78.029   4.0  1826     0.20    5.8     0.24   0.03 	 2.7   0.0584  	  4.3  	 0.63  	(10)
Z8284           266.796    45.216   2.9  1249     0.20    5.2     0.24   0.04 	 5.8   0.1555  	  3.9  	 4.01  	 (7)
RXJ1836.5+6344  279.127    63.748   4.9  4341     0.13    4.1     0.14   0.02 	 3.1   0.0834  	  2.8  	 0.84  	 (7)
RXJ1844.1+4533  281.033    45.554   5.6  1137     0.16    4.5     0.19   0.04 	 3.7   0.0910  	  3.8  	 1.36  	(12)
RXJ1852.1+5711  283.034    57.186   5.3  1417     0.15    4.2     0.18   0.03 	 4.1   0.1084  	  3.4  	 1.72  	 (7)
A2315           285.194    69.975   6.5  2398     0.17    5.0     0.22   0.03 	 4.0   0.0936  	  4.4  	 1.64  	(29)
Z8484           316.221    14.030   7.1   504     0.12    3.8     0.14   0.05 	 6.4   0.2029  	  2.9  	 5.08  	(12)
A2396           328.924    12.529   6.0   313     0.17    4.6     0.20   0.07 	 6.9   0.1924  	  4.0  	 6.28  	(15)
A2445           336.728    25.849   5.0   519     0.16    4.6     0.18   0.05 	 5.8   0.1660  	  3.4  	 4.00  	 (7)
RXJ2228.6+2037  337.154    20.623   4.4   479     0.18    6.0     0.21   0.06 	13.4   0.4177  	  3.9  	27.56  	 (7)
RXJ2250.0+1137  342.523    11.617   4.8   419     0.15    7.2     0.20   0.06 	 1.4   0.0255  	  3.5  	 0.10  	(25)
A2507           344.238     5.547   5.4   382     0.12    5.0     0.14   0.05 	 5.4   0.1696  	  2.8  	 3.44  	 (7)
A2552           347.898     3.646   4.9   383     0.18    4.3     0.21   0.06 	10.2   0.3017  	  4.1  	15.33  	 (7)
A2561           348.499    14.744   4.9   457     0.14    4.3     0.15   0.05 	 5.3   0.1627  	  2.9  	 3.24  	 (7)
A2588           350.907     9.154   4.6   446     0.14    4.2     0.15   0.05 	 6.1   0.1937  	  2.9  	 4.58  	 (7)
A2625           354.034    20.623   4.1   491     0.18    6.7     0.23   0.06 	 2.8   0.0601  	  4.1  	 0.64  	 (6)
A2631           354.417     0.276   4.1   383     0.21    4.7     0.23   0.06 	 9.6   0.2780  	  4.1  	13.26  	 (5)
A2678           358.925    11.647   4.8   438     0.15    6.0     0.19   0.06 	 3.0   0.0729  	  3.5  	 0.80  	(13)
